7.489321285606516908e-03
1.420531894848986454e-02
1.304043631565323172e-02
6.252919328477263630e-03
2.455375310118082868e-02
2.469490679517559809e-02
8.537233819342205168e-03
9.790302205480543030e-03
2.468565768486257611e-02
9.233392739618142761e-03
9.311285279947749752e-03
1.105793194722308644e-02
1.208373571783536056e-02
2.963777591318554269e-02
2.279965524415149616e-02
3.166437663319436602e-02
2.876365193645883528e-02
1.890375039860967346e-02
0.000000000000000000e+00
2.511896216661850187e-02
8.023349763295252457e-03
1.809412939892776281e-02
1.094187172479553494e-02
2.770689212913352018e-02
1.769211599053866282e-02
0.000000000000000000e+00
2.073591337385619765e-02
1.995546177291805320e-02
1.148618199578789120e-02
2.184305176694063821e-02
1.333162813055176026e-02
1.654591571850040632e-02
1.662886624465641575e-02
1.147217553403124049e-02
2.979121151608733753e-02
1.334239022971270630e-02
1.646572303915581556e-02
1.094622963813033679e-02
3.382806216352125805e-02
9.442236357843344918e-03
1.867813969543275290e-02
1.160438526751574918e-02
9.334353557707130572e-03
1.533075739603683568e-02
1.279928995704580734e-02
6.255086984078200851e-03
1.318629373008130268e-02
2.840100700825929150e-02
8.435162959609159017e-03
1.516878984332948460e-02
1.004433784410376472e-02
2.768026384683438743e-02
2.558141974231953331e-02
3.548113505722817057e-02
1.228196860376075047e-02
2.983984800779047181e-02
6.760011136965937521e-03
1.814180861648490711e-02
7.291588687709849026e-03
1.589922905287613139e-02
2.968151457915419594e-02
2.614627872427080155e-02
1.787070592396543256e-02
1.758994224735172668e-02
1.601032009034871958e-02
2.350871755576986258e-02
1.977201417916511772e-02
2.684839720365383292e-02
2.221529774621189626e-02
3.277595602840014527e-02
2.267823025296261327e-02
1.573433193063430990e-02
3.222969606862657183e-02
2.307467056067864786e-02
1.324029588884192629e-02
3.909948927863621249e-02
2.277472421694169344e-02
2.694951856964041340e-02
9.523205830690589097e-03
2.735275312264747946e-02
6.267248801851244694e-03
1.341510473506408660e-02
4.209510538185793488e-02
2.280031572497043940e-02
1.136492510637170800e-02
1.431179905732322087e-02
1.603627424487156367e-02
2.895951361537875759e-02
7.784116177856239063e-03
2.559511810789114397e-02
2.168943544958855385e-03
2.179626370816642456e-02
1.929228759259578665e-02
1.523575049375255376e-02
3.573162688798506986e-02
2.148943440722678871e-02
2.781403016831512920e-02
2.094227806614465393e-02
7.952746717364258394e-03
1.690418112188311200e-02
1.219432978382035092e-02
2.301047889821760881e-02
1.052302366724496702e-02
6.457370674359487125e-03
2.579024590029365543e-02
1.498173365162596554e-02
8.133236884186640855e-03
3.037010640816373633e-02
6.581167801501195888e-03
5.553072823124395943e-03
1.412445924252025281e-02
1.861740650261940397e-02
8.674322801644962153e-03
2.197601659716300754e-02
1.535213513782298679e-02
1.708460491900392134e-02
6.936402925511640782e-03
2.573735269570312512e-02
3.723362805527782177e-02
1.886110942184242301e-02
1.360679184280626751e-02
1.782669732416498204e-02
3.350090962640810133e-02
1.758166083208530933e-02
6.720676715019270435e-03
1.439412968762972256e-02
2.031061893054680878e-02
9.056945710542373476e-03
2.016524417065198096e-02
8.718569514515066635e-03
2.096667813233222058e-02
1.556040482969868639e-02
1.776150686265402442e-02
1.797811775631352055e-02
6.680529331078217080e-03
1.544620696305543280e-02
2.252697494993613145e-02
1.678890671458282274e-02
7.927423105153754909e-03
1.409948939996760221e-02
2.364469691605515511e-02
5.988564346147613217e-03
8.633211352582657525e-03
2.879514356108757098e-02
2.220825021624904180e-02
7.103890388607584337e-03
3.512601922052255993e-02
1.155146969214030338e-02
1.245666626993435083e-02
1.489646952505430458e-02
3.251722302122940500e-02
0.000000000000000000e+00
3.537196237962864087e-02
1.231482023119166366e-02
1.800507351878969167e-02
3.430396339689588403e-02
6.726248323712379594e-03
1.499260424785451087e-02
2.453204996219331829e-02
2.153334853056710491e-02
1.410071373134097125e-02
1.141351158008574972e-02
1.234347953612648270e-02
3.740104668046037584e-02
3.409037871160626454e-02
2.563439811769996704e-02
2.981957790522156079e-02
1.363702581857871056e-02
1.832547086863074368e-02
2.631950596110524399e-02
2.282944791881692023e-03
3.626700029813009762e-02
1.522842975116540064e-02
0.000000000000000000e+00
2.176346834888530715e-02
1.467063659207980091e-02
1.707944363941795232e-02
2.228639486603707295e-02
1.993870533408286308e-02
2.594997706488421513e-02
2.582949306225438418e-02
1.997592524787261334e-02
5.901472677149811538e-03
1.304046870859717003e-02
2.495143943303117576e-02
1.433808617383506255e-02
1.447800179123753112e-02
1.011455992079962792e-02
1.460511143486608633e-02
1.649260945421907737e-02
1.335697701517127821e-02
3.001644897994781847e-02
2.238084559512540025e-02
2.841903149092553718e-02
1.595671250886040310e-02
8.545729439993486262e-03
1.792250054019094499e-02
2.765901277698373795e-02
3.982191250832636115e-02
7.727085914155046656e-03
1.751930522059529788e-02
2.261470330163062314e-02
1.146189430400693619e-02
2.269455993910760028e-02
2.738727892492317378e-02
3.453993421561186300e-02
4.705710620174516010e-03
8.785064236495249146e-03
1.446531402824865684e-02
1.763496319041578733e-02
3.984186996824284899e-02
2.400790079606302321e-02
1.722848265353052119e-02
3.649372357987535481e-02
3.378607491517651717e-02
7.784368129925425296e-03
2.409699778864072758e-02
2.540401677636839467e-02
1.341877099583731366e-02
1.944719170314635967e-02
2.091709696329534934e-02
4.123650159488770339e-02
5.841857508928834618e-03
1.878618321775696320e-02
0.000000000000000000e+00
1.588190856603717907e-02
7.055588858734646550e-03
1.280407169920407158e-02
2.512520959036613696e-02
1.152413879534339679e-02
2.963569435242568995e-02
2.452768198962338927e-02
1.130346856553572470e-02
3.299077646253888163e-02
3.315860713103824936e-02
4.552858727954378106e-03
8.636769823315437397e-03
7.086048741305509338e-03
3.575435497935239987e-02
1.301175803155974441e-02
1.857856155952335164e-02
3.553004213586379023e-02
1.677961901829782068e-02
2.195389043834856252e-02
1.235143198938003575e-02
6.259801652558087161e-03
8.800154535629928568e-03
2.032694401594939415e-02
1.754743338349036216e-02
2.010018774364135882e-03
1.329998984449624368e-02
2.580698393703780708e-02
1.294420493055576694e-02
1.656909892961734229e-02
2.772641543950509282e-02
4.088352037829883628e-02
1.256570855336905899e-02
1.540212188558579345e-02
3.197235760860997478e-02
2.341946533338669714e-02
2.176565939796371724e-02
3.057888769955927413e-02
2.870045372427113689e-02
2.561817936413410268e-02
1.907323359891542960e-02
3.296532989123747426e-02
1.099478158006607018e-02
1.508860180529015063e-02
2.960965248411537298e-02
6.039084536562664210e-03
1.072339144774032103e-02
2.194334725913711301e-02
4.848120039616308531e-03
2.932365887757031747e-02
2.309305198516883526e-02
1.488169652502341865e-02
3.900533794289545025e-02
8.342988141293045806e-03
2.059774319437070525e-02
3.168032107516501657e-03
1.060625415207822921e-02
2.352712550470192551e-02
2.184768243497767215e-02
4.029876757588258390e-02
1.592956551242348182e-02
2.027315519659008206e-02
3.342455950261181280e-02
1.193395683391394995e-03
2.089201645241205857e-02
6.597225846144955282e-03
9.989052450953529727e-03
1.673504903418780373e-02
2.122789790555893244e-02
7.617344851426288699e-03
2.016659059403516294e-02
1.628362258679454805e-02
9.405660459098416984e-03
1.903298143650174884e-02
1.837465242879115015e-02
2.010259699160303962e-02
3.520377104301072868e-02
7.227668509144859546e-03
9.347214069987189178e-03
2.970145847932325125e-02
8.761942110092514960e-03
2.796105248726755629e-02
1.975415468365169375e-02
1.734407879278513503e-02
8.782377523750422438e-03
1.456124937784480586e-02
2.041082582432960507e-02
2.108592611776059431e-02
3.726401795108085641e-02
3.436433629875718099e-02
1.090862299321566226e-02
1.545239531031172148e-02
1.635328814111467605e-02
1.953705567393882250e-02
2.923181970376049002e-02
1.480766058792716382e-02
7.991809278641931469e-03
2.277517054083191481e-02
2.238495323974797752e-02
1.557672447441634314e-02
5.157607432850533878e-03
1.882936905234550498e-02
9.414136565835555526e-03
1.908788835116221466e-02
3.041197504856001446e-02
1.405563887125964653e-02
0.000000000000000000e+00
1.644884468233363470e-02
2.818454557964949342e-02
1.085410775159590009e-02
5.639116403342536027e-03
8.714323448964006111e-03
1.844802502740708686e-02
5.394680070166514747e-03
1.201929266988057549e-02
1.368822026269522416e-02
1.813340848909039335e-02
1.594629517337953217e-02
1.388707052318663947e-02
8.228144845653012629e-03
8.641001601633493609e-03
2.182712049222390246e-02
1.514414027424368890e-02
1.652545608604212221e-02
7.893926912019439898e-03
3.436327489551081749e-02
1.370229995622447919e-02
3.716872131612876384e-02
8.774245963251815078e-03
1.711586867418877361e-02
4.440459187457295245e-03
1.201664890370349181e-02
3.429519056817636330e-02
1.557209840572040295e-02
1.464147487071928641e-02
2.603431020184712730e-02
0.000000000000000000e+00
1.844502172304994872e-02
9.714490481785425027e-03
3.819440329482418680e-03
2.009898952159070232e-02
8.259059391019202279e-03
2.280548973107002567e-02
1.608194615058081492e-02
1.562124832089429455e-02
9.893737450665119476e-03
5.429310217103512810e-03
1.321592582183733419e-02
2.254276326495956162e-02
2.150887925309378709e-02
2.358860389724473650e-02
2.490953066621996378e-02
1.610096156400432979e-02
2.372765237475095434e-02
1.408129731354178585e-02
1.561170556192084322e-02
2.272244420817492311e-02
1.452173431776526344e-02
2.067014939887314856e-02
9.853067747196131432e-03
1.592946547448686676e-02
2.524278438961571544e-02
0.000000000000000000e+00
3.336871118117164942e-02
1.809624176801006082e-02
1.546704457547676097e-02
3.983117175826760697e-02
2.132955672677022338e-03
2.556391523993497769e-02
1.268504578042520606e-02
1.174111910653933763e-02
1.894561410785832595e-02
6.791333878450892848e-03
2.118747725059356556e-03
3.069371696822550608e-02
1.255732951122394067e-02
1.429834825298105690e-02
1.188997708507173387e-02
3.010882536986024191e-02
2.846530170540107624e-02
4.782913199365437795e-02
4.417458374843887675e-03
2.124643860807990184e-02
3.319823276590578437e-02
2.123441893033026912e-02
1.401466314904561451e-02
1.645218281352498965e-02
1.091247464984145508e-02
1.822359302002227871e-02
0.000000000000000000e+00
8.435792631609803638e-03
3.133535389164892465e-02
2.033763742456915630e-02
2.069205057649196530e-02
2.355948156282901274e-02
1.677230064654673669e-02
2.931855308640833602e-02
2.132943022932889260e-02
1.107035036780183723e-02
2.704319572186119486e-02
1.676173349938631790e-02
8.704199134779393512e-03
3.333358473077277506e-02
1.494021204175355159e-02
1.180832201564435517e-02
1.849636097557442668e-02
9.625464672574716649e-03
1.960116458100898129e-02
1.491304186811688408e-02
5.971376952540431542e-03
3.432982692960277922e-03
9.585196596237962469e-03
8.784068373923066900e-03
2.066238381056402507e-02
9.269387333996660649e-03
1.120888593542947176e-02
5.931907692919790274e-03
1.852082171136928621e-02
2.231977863085687214e-02
3.251651681722099452e-02
2.153338201576710312e-02
2.630757935889061622e-02
2.141011001123930418e-02
1.387329515808613002e-02
1.334572683057234227e-02
3.255719088061365812e-02
2.121081707714554329e-02
2.700195264586853147e-02
1.901363932529181316e-02
1.555891122623401755e-02
6.906609730772215495e-03
3.214831711069176656e-03
1.010513834877942510e-02
1.493424777615827252e-02
1.753677265559493506e-02
2.012361081258168607e-02
2.717698882095654148e-02
1.776119639482628271e-02
1.191681058187732921e-02
1.848351846980328134e-03
1.653033757165154466e-02
2.543662982291488781e-02
4.380556166936003075e-03
2.330753174378238576e-02
2.032156257087606999e-02
2.160443082835817458e-02
1.668581920956481793e-02
2.546417721082259653e-02
5.697773417689192856e-03
3.522958688590193538e-02
3.095584671961150794e-02
1.301601903212490363e-02
9.283168502540548733e-03
1.847296579729574423e-02
2.345402132904403358e-02
1.622547792690749377e-02
1.946136705795487726e-02
1.943432467324133356e-02
3.678526082825074595e-02
1.666741464025803601e-02
2.029950945510339624e-02
2.269277181063012599e-02
8.283925429461568013e-03
3.770997542224692467e-02
2.926873983591198394e-02
4.225733184917845539e-03
1.400978630495415024e-02
5.464952570225341255e-03
9.093061824333933951e-03
9.464054751679842892e-03
2.222013012624081060e-02
3.870524604257316592e-02
8.463213123102874061e-03
1.201382634478492979e-02
3.913260258785765389e-02
1.143990343466272548e-02
1.278130536166865831e-02
1.511596204944278335e-02
8.626847620759754351e-03
1.298105153545551713e-02
1.860285358166568342e-02
1.034401512372694516e-02
1.208400167072068605e-02
3.203851478457073881e-02
2.826499741710391048e-02
9.048278931402885250e-03
3.621863351559129890e-02
1.575451651952892301e-02
9.364033019029794139e-03
9.620997372743550491e-03
5.518296425852891804e-03
1.251843035557252855e-02
1.481027864506720935e-02
1.396896331874383605e-02
1.144348262570071308e-02
2.596633749869840802e-02
6.027079109970218118e-03
1.900810075753901068e-02
1.261607146404759329e-02
4.095433155646917983e-03
1.314399512759722652e-02
1.396970008463880621e-02
1.672332828097807325e-02
2.497707832277562545e-02
0.000000000000000000e+00
1.903260912845230676e-02
2.006347111710674036e-02
1.643433052479883680e-02
1.640215533043266546e-02
3.801739042475212049e-02
1.499382663219980642e-02
1.066672889616689796e-02
7.230203872702530184e-03
2.031937996371034616e-02
2.006609279868989612e-02
4.896472070475480290e-03
2.924390944946342677e-02
1.757298777671904844e-02
2.083912407902496419e-02
2.250428702329392017e-02
2.903970967159045721e-02
2.026572391943901041e-02
2.190755951263197512e-03
7.105192934333773302e-03
7.045533186070102559e-03
1.458562665816591844e-02
2.671018152396017337e-02
1.696186086864336431e-02
1.861759689779460269e-02
6.633074316737541665e-03
1.730683591266747243e-02
2.337897784114229341e-02
4.132197497804878522e-02
1.153763800301216107e-02
1.309560650734241730e-02
2.417207267305937837e-02
1.548677160148710652e-02
2.658293559462290845e-02
3.094341764531681124e-02
1.922004416121697937e-02
3.559705971239785459e-03
1.273563858723056851e-02
1.866844354972943196e-02
2.141872497292699601e-02
8.952319640474701301e-03
1.138658873408129012e-02
2.732791748241112512e-02
1.694132666928486325e-02
3.371267778142369997e-02
1.620608891373984464e-02
3.653267164635456976e-02
3.115421654871747964e-02
1.933235244224159460e-02
1.226640199082426087e-02
9.910212812769419316e-03
2.920548656353646327e-02
2.857452142984092877e-02
1.152893663180643707e-02
1.240891569545418509e-02
2.693751256970004782e-02
1.163818304971688498e-02
1.220017139189031631e-02
2.710335872300076096e-02
3.574070045132445028e-02
2.500303570492916003e-02
2.160710939468684852e-02
1.558899972944887552e-02
3.982969501042080834e-02
1.052829421905839176e-02
1.051362795107400709e-02
2.847867050595211807e-02
1.623685575930858271e-02
1.068149109263785007e-02
3.927480892515422366e-03
1.578407049234164736e-02
3.415602646692967453e-02
2.303208052509121001e-02
1.479621011084435861e-02
4.506449081174093534e-03
2.999882934109365448e-02
2.582675488727741858e-02
8.135629850669151564e-03
1.370137603000926539e-02
3.981833769111195465e-02
1.132468491881116236e-02
1.467528450604722347e-02
1.042007043972986366e-02
7.871896645303461462e-03
2.653258373823793106e-02
3.109620960555603206e-02
2.467070294023286994e-02
1.299441046047161014e-02
2.297990763294778180e-02
2.504608826166738675e-02
1.661602835079964077e-02
1.846682704700636918e-02
2.610271868886874028e-02
1.431913170490099405e-02
4.110117441273232301e-03
1.686851627500606313e-02
1.612002579404514871e-02
4.151899275653118948e-02
1.969870067810665717e-02
1.044560282775031448e-02
1.484264249322442102e-02
2.171157074644857604e-02
3.490582318058491756e-02
2.522719176931653359e-02
2.100270818038403944e-02
0.000000000000000000e+00
1.914377732408960656e-02
1.095507760380591555e-02
1.906272493160528561e-02
2.743270382580633576e-02
7.112573768657932949e-03
1.765962494678487149e-02
2.363415482569257778e-02
1.836239077255698293e-02
1.106862154913648873e-02
1.021892191639701790e-02
1.435783588829574187e-02
2.185788123439362518e-02
1.223791438402124440e-02
1.919174924164555873e-02
2.726848853953083018e-02
3.853968796893948723e-02
8.925881654226015469e-03
2.398836661446583640e-02
3.356121768089372764e-02
2.447530312640871716e-02
2.140875306968388625e-02
3.409959554183773084e-02
1.574312405221321709e-02
3.261848832590096697e-02
1.467632235323201167e-02
3.965127778162882283e-02
6.694372410427075655e-03
1.566440812324343748e-02
2.049543081819536067e-02
1.727643485846053900e-02
8.362563869429026978e-03
6.820962943960124335e-03
2.885419366379037096e-03
1.098214444975378554e-02
1.523113751257048135e-02
2.078929374357111476e-02
1.470053722558680755e-02
1.339522374008279837e-02
1.396169622462326704e-02
3.161332686584355373e-02
2.873579291217726039e-02
1.855413916625597154e-02
1.200309967030835541e-02
1.225023559416348398e-02
1.719335954435724859e-02
8.333016809195787147e-03
8.954555356437372132e-03
5.341457538563866222e-03
3.007571205495039937e-02
2.013583322657701985e-02
3.072217780716290578e-02
1.527358447702881379e-02
1.750775760063685849e-02
1.914907878502469102e-02
1.966322338614591089e-02
2.485293961170874019e-02
3.894715958950051293e-02
3.603366243025297316e-02
1.752752264209963759e-02
1.855061261249562124e-02
1.472935849914544168e-02
7.452298613218485100e-03
9.581076436062862037e-03
1.039992280129397456e-02
4.013083673063477970e-03
1.213892374297584863e-02
1.603734869549461317e-02
2.347610300349382492e-02
2.703799931914410704e-02
1.642285063596585215e-02
0.000000000000000000e+00
2.627657061977919581e-02
1.695249719445588582e-02
2.418618644587542874e-02
2.150030055260209252e-02
3.728703903699391586e-02
3.559183669938149885e-02
1.414514081575841964e-02
0.000000000000000000e+00
1.559997966210889715e-02
2.999824398829450262e-02
1.677311814730427647e-02
1.037403770941818133e-02
1.885211896669378509e-02
2.672184391427087635e-02
2.482667327230520318e-02
2.113016135403138554e-02
2.255784910567869977e-02
1.703469497104440761e-02
1.075536203513152538e-02
9.775148916863618878e-03
2.433654940669024297e-02
1.260392516299327012e-02
3.498441705162520093e-02
1.677893902563911202e-02
1.057471636220518561e-02
1.620022683952800774e-02
1.599214963680681278e-02
1.096126190783767908e-03
3.048490314897837894e-02
6.416282454975377400e-03
1.384687393911790063e-02
7.581244249542313032e-03
1.722065859963379381e-02
1.535865218262070890e-02
1.617058069149028207e-02
1.451363753330221600e-02
1.269721522115557777e-02
1.961784900495663203e-02
2.947444365816475134e-02
2.309919119365789336e-02
6.611803331869852210e-03
2.195791014488632231e-02
1.637646013322773680e-02
1.457954964419875751e-02
9.558003363983821193e-03
9.844179981954370023e-03
9.092401681875941083e-03
1.430020172450739181e-02
5.032915797135011429e-03
3.602370961679953604e-02
2.056916176716224592e-02
6.854535202119455863e-03
2.611210618985392029e-02
2.535920080558595746e-02
1.211978066959818433e-02
1.834460335622959890e-02
4.487624980905987465e-03
1.417662485912894732e-02
9.911885116757045491e-03
1.259193350867377631e-02
3.439067582197229134e-02
3.664090627747455808e-02
4.615845682747565445e-03
3.093109450605484312e-02
6.074137259585498348e-03
1.096142639372610708e-02
1.381365781559654518e-02
1.362923966785958320e-02
2.995434123399457610e-02
1.093709788821226915e-02
3.044550569883638577e-02
7.973419494281847042e-03
9.617635493975793676e-03
1.434125183379867351e-02
3.264647935976729837e-02
2.337590587498405634e-02
8.475204596209885352e-03
2.087294024910526721e-02
1.347148683058838753e-02
2.418061936257355146e-02
3.255650022090844642e-02
1.562081939751528044e-02
3.634962031062511506e-02
1.509880753749548617e-02
2.428986780944580176e-02
1.332900960338530977e-02
0.000000000000000000e+00
1.687507642624959045e-02
2.823976182759063355e-02
3.786548753486858668e-03
1.658454555693469543e-02
5.305272003672705135e-03
3.092848662707017339e-03
1.082238090162158418e-02
1.132305589460140538e-02
1.857882928831111613e-02
1.456284484407180217e-02
2.353445426016127426e-02
2.138940696987014223e-02
1.580835832868094162e-02
1.380707976616863709e-02
2.774520085425522323e-02
1.342719875428820958e-02
0.000000000000000000e+00
1.743582901493290552e-02
7.728932292907214965e-03
1.383574343454973925e-02
1.978660190636560498e-02
2.654032491585183243e-02
2.757603239407677501e-02
1.198246011309586807e-02
1.111235402164137062e-02
2.341392262188550510e-02
1.380079464901169672e-02
1.429160287882377638e-02
1.776344830062494273e-02
3.825782395654303558e-02
2.233296962683137959e-02
1.818787371412429466e-02
1.602646864745994187e-02
3.693359134994297910e-02
2.032115211777660996e-02
1.682943025423254760e-02
1.511946253321848864e-02
2.049317141409684115e-02
1.456665757961525011e-02
9.198517994694874883e-03
1.316460758790732009e-02
0.000000000000000000e+00
2.943345463257823064e-02
7.387697354048525233e-03
9.639274130741018465e-03
2.985617353366411958e-02
2.163807645334602306e-02
9.859604778088417593e-03
1.173537358776296363e-02
2.056718435450986468e-02
1.845192401923475417e-02
6.237587142073427841e-03
8.350211205061951539e-03
1.287496714616463180e-02
1.442372527565531116e-02
9.212764388005617242e-03
9.752945741949251013e-03
5.516821301539963016e-03
2.518050635292910441e-02
3.761581266151264175e-03
3.832456755521586322e-02
1.028163406543969663e-02
3.753426839445144630e-02
1.668348464575230769e-02
6.434178014948008575e-03
8.701816261531283847e-03
2.334511765018012705e-02
2.878785864659316046e-02
2.048552927430089335e-02
1.143958781026507832e-02
1.173008461335435341e-02
1.148874001204164448e-02
2.056715451825657376e-02
1.105474711986790398e-02
2.736665024370460095e-02
1.583119606356145348e-02
2.295424198950120689e-02
4.224028315405230910e-03
3.604047534393466090e-02
1.243352800398180198e-02
7.707125960881411331e-03
2.055267232847326347e-02
7.888443974583351712e-03
4.775069205500823664e-03
1.894249556454378342e-02
1.925900718894589178e-02
1.133138825392248847e-02
1.724102456657205726e-02
1.346120394976448552e-02
1.451659473505135731e-02
1.937514729711482461e-02
2.199049660079633803e-02
2.903188470136074811e-02
2.870838513248054336e-02
1.432183832273840884e-02
2.185985887598748331e-02
3.134094104388153446e-02
2.310798539380225225e-02
1.459215636807805437e-02
3.806724352419848124e-03
1.145235668837918039e-02
1.133526819833305735e-02
1.759255752654884444e-02
9.527536234959180228e-03
5.132423254298571456e-03
1.783663624570706180e-02
1.510958261557113734e-02
8.213964587528023442e-03
1.354789618791334485e-02
9.395942321734096839e-03
1.635752414474843375e-02
3.090401277799314020e-02
8.122915814150864430e-03
4.790749515352532746e-03
2.681264240135385404e-02
8.112931496954516042e-03
2.268079716917526314e-02
2.657941614889334364e-02
2.518429687828444702e-02
0.000000000000000000e+00
1.338846297394611848e-02
3.188665056168672740e-02
7.849299622284464095e-03
1.565812675174257235e-02
9.981238755635420470e-03
4.141898655500062844e-03
1.618114689416461430e-02
2.840045951381894515e-02
2.247477779107102600e-02
8.105587825965085425e-03
1.247061145545643596e-02
2.719942358227018034e-02
1.338352312606039089e-02
1.029520091679281095e-02
2.006947960703337266e-02
2.557681172367821942e-02
8.509177113324441558e-03
1.582413030611960758e-02
2.743178379072533368e-02
3.863415224425363614e-02
8.995801125392933334e-03
2.133904711848528049e-02
1.549944317436740930e-02
1.669593979535881692e-02
3.238485310347707230e-02
1.773259809966414718e-02
9.746610054903780476e-03
2.160306403525881838e-02
2.184376570097312092e-02
2.389404539062936136e-02
3.789859547871689965e-02
5.948436733442181643e-03
6.291029710757117289e-03
2.402710839444574184e-02
2.273986875242932013e-02
0.000000000000000000e+00
1.229382616094107719e-02
2.664047098181070161e-02
1.843768558226205681e-02
3.390925797401992542e-02
1.538710768430536988e-02
6.861397336812118108e-03
2.060553202241651241e-02
1.221333442673160422e-02
1.679103906567913640e-02
1.557680601308730414e-02
1.894216790234721365e-02
2.377334543669098327e-02
3.183689776676215666e-02
2.519191104022379391e-02
1.601918796521649771e-02
1.840581173533185899e-02
8.986433181586376412e-03
1.455617169643327879e-02
1.508127886887537274e-02
1.788755589078869571e-02
2.820222412767008427e-02
8.354649216871987832e-03
2.184205097537266632e-02
3.104994679725997866e-02
1.119972775469046770e-02
9.830366221957213130e-03
1.579318421025388205e-02
1.318983106084450907e-02
1.596586820435698384e-02
9.775878437185452768e-03
1.009360158361234661e-02
6.739602539870438204e-03
2.185053978849169076e-02
3.728733721531711683e-03
0.000000000000000000e+00
0.000000000000000000e+00
1.529588555997395821e-02
4.573876536539920289e-03
8.229257021816717074e-03
1.950387356138770859e-02
1.523068665296272231e-02
1.970458232250859101e-02
2.041057639152175918e-02
2.586191104544756370e-03
2.882378489355332321e-02
1.061631081026273397e-02
1.511943187441482962e-02
2.276444122939829534e-02
1.118128741452394624e-02
2.436270500293117106e-02
9.293124391333288520e-03
4.579677595162744488e-03
